quartz_off_screen 
                2 
quartz_off_screen 
                2 
              [,1]        [,2]        [,3]        [,4]        [,5]          [,6]
[1,]  1.0000000000  0.22120235  0.84674477 -0.45787321  0.43352227 -0.0009201342
[2,]  0.2212023470  1.00000000  0.24005890 -0.03967386  0.19855151 -0.1335348756
[3,]  0.8467447714  0.24005890  1.00000000 -0.60685381  0.50293880 -0.0320953712
[4,] -0.4578732088 -0.03967386 -0.60685381  1.00000000 -0.06287885 -0.0850494516
[5,]  0.4335222702  0.19855151  0.50293880 -0.06287885  1.00000000 -0.1212267045
[6,] -0.0009201342 -0.13353488 -0.03209537 -0.08504945 -0.12122670  1.0000000000

Call:
lm(formula = after_2010$overall.peak ~ after_2010$last.week + 
    after_2010$peak + after_2010$weeks.on.chart + after_2010$entry.position + 
    after_2010$artist.relevancy)

Residuals:
    Min      1Q  Median      3Q     Max 
-73.721  -3.548   1.678   7.527  27.087 

Coefficients:
                             Estimate Std. Error t value Pr(>|t|)    
(Intercept)                 -2.661721   0.878826  -3.029  0.00246 ** 
after_2010$last.week10      -0.846415   1.199129  -0.706  0.48028    
after_2010$last.week100     -4.340844   1.609066  -2.698  0.00699 ** 
after_2010$last.week101     -1.632290   1.015881  -1.607  0.10812    
after_2010$last.week11      -0.788591   1.201847  -0.656  0.51173    
after_2010$last.week12      -0.945874   1.202409  -0.787  0.43149    
after_2010$last.week13      -0.706029   1.202422  -0.587  0.55709    
after_2010$last.week14      -1.200808   1.203892  -0.997  0.31856    
after_2010$last.week15      -0.774585   1.201343  -0.645  0.51908    
after_2010$last.week16      -0.461440   1.202613  -0.384  0.70121    
after_2010$last.week17      -0.885902   1.202448  -0.737  0.46128    
after_2010$last.week18      -0.672780   1.202269  -0.560  0.57576    
after_2010$last.week19      -0.614324   1.202019  -0.511  0.60930    
after_2010$last.week2       -0.371563   1.197745  -0.310  0.75640    
after_2010$last.week20      -0.937867   1.203732  -0.779  0.43591    
after_2010$last.week21      -1.038503   1.207281  -0.860  0.38969    
after_2010$last.week22      -0.571525   1.204036  -0.475  0.63502    
after_2010$last.week23      -0.702508   1.206988  -0.582  0.56055    
after_2010$last.week24      -0.845847   1.206810  -0.701  0.48337    
after_2010$last.week25      -0.942909   1.208184  -0.780  0.43514    
after_2010$last.week26      -0.555375   1.210388  -0.459  0.64635    
after_2010$last.week27      -0.955860   1.209216  -0.790  0.42925    
after_2010$last.week28      -1.191565   1.209712  -0.985  0.32463    
after_2010$last.week29      -0.470977   1.211385  -0.389  0.69743    
after_2010$last.week3       -0.890378   1.198433  -0.743  0.45752    
after_2010$last.week30      -0.821007   1.208622  -0.679  0.49696    
after_2010$last.week31      -0.662241   1.208098  -0.548  0.58358    
after_2010$last.week32      -0.969649   1.209935  -0.801  0.42290    
after_2010$last.week33      -0.869578   1.211890  -0.718  0.47305    
after_2010$last.week34      -0.490201   1.217187  -0.403  0.68715    
after_2010$last.week35      -0.359917   1.213910  -0.296  0.76685    
after_2010$last.week36      -0.161088   1.221865  -0.132  0.89511    
after_2010$last.week37      -0.805637   1.222719  -0.659  0.50997    
after_2010$last.week38      -0.829368   1.221384  -0.679  0.49712    
after_2010$last.week39       0.015771   1.219058   0.013  0.98968    
after_2010$last.week4       -0.845640   1.198240  -0.706  0.48036    
after_2010$last.week40       0.030617   1.228507   0.025  0.98012    
after_2010$last.week41      -0.263103   1.233010  -0.213  0.83103    
after_2010$last.week42       0.342899   1.240619   0.276  0.78225    
after_2010$last.week43      -0.240665   1.252075  -0.192  0.84758    
after_2010$last.week44      -0.061593   1.260481  -0.049  0.96103    
after_2010$last.week45      -0.060893   1.260912  -0.048  0.96148    
after_2010$last.week46       0.546822   1.265691   0.432  0.66572    
after_2010$last.week47       0.566521   1.278845   0.443  0.65777    
after_2010$last.week48       0.160100   1.293975   0.124  0.90153    
after_2010$last.week49       0.678114   1.307180   0.519  0.60393    
after_2010$last.week5       -0.804311   1.198511  -0.671  0.50217    
after_2010$last.week50       0.521330   1.305651   0.399  0.68968    
after_2010$last.week51       1.920129   1.241534   1.547  0.12198    
after_2010$last.week52       1.305905   1.240355   1.053  0.29242    
after_2010$last.week53       2.225400   1.260129   1.766  0.07741 .  
after_2010$last.week54       0.916446   1.239210   0.740  0.45959    
after_2010$last.week55       0.631965   1.240482   0.509  0.61044    
after_2010$last.week56       1.041083   1.250573   0.832  0.40514    
after_2010$last.week57      -0.535414   1.247304  -0.429  0.66774    
after_2010$last.week58       0.531110   1.251279   0.424  0.67124    
after_2010$last.week59       0.523376   1.251738   0.418  0.67586    
after_2010$last.week6       -0.761277   1.198707  -0.635  0.52538    
after_2010$last.week60       0.944971   1.256375   0.752  0.45197    
after_2010$last.week61       2.846462   1.255053   2.268  0.02334 *  
after_2010$last.week62       1.179624   1.263750   0.933  0.35061    
after_2010$last.week63       1.443537   1.259381   1.146  0.25171    
after_2010$last.week64       0.060027   1.257746   0.048  0.96194    
after_2010$last.week65       0.140206   1.271127   0.110  0.91217    
after_2010$last.week66      -0.106153   1.265648  -0.084  0.93316    
after_2010$last.week67       0.675728   1.269660   0.532  0.59458    
after_2010$last.week68       0.007838   1.269550   0.006  0.99507    
after_2010$last.week69      -0.034597   1.271481  -0.027  0.97829    
after_2010$last.week7       -0.871294   1.198810  -0.727  0.46736    
after_2010$last.week70      -0.601004   1.279009  -0.470  0.63843    
after_2010$last.week71       0.887892   1.272785   0.698  0.48543    
after_2010$last.week72       0.151460   1.285253   0.118  0.90619    
after_2010$last.week73      -0.677366   1.273841  -0.532  0.59490    
after_2010$last.week74      -1.510977   1.289754  -1.172  0.24140    
after_2010$last.week75      -1.595518   1.291770  -1.235  0.21679    
after_2010$last.week76      -0.160240   1.292708  -0.124  0.90135    
after_2010$last.week77       1.481063   1.299666   1.140  0.25447    
after_2010$last.week78       0.182863   1.300509   0.141  0.88818    
after_2010$last.week79       1.004049   1.319052   0.761  0.44655    
after_2010$last.week8       -0.668355   1.198483  -0.558  0.57708    
after_2010$last.week80       0.021356   1.307288   0.016  0.98697    
after_2010$last.week81      -1.045823   1.313721  -0.796  0.42599    
after_2010$last.week82       0.926544   1.307508   0.709  0.47856    
after_2010$last.week83       1.119903   1.321600   0.847  0.39679    
after_2010$last.week84      -0.620311   1.318352  -0.471  0.63799    
after_2010$last.week85      -1.467599   1.342351  -1.093  0.27427    
after_2010$last.week86       1.634982   1.357633   1.204  0.22849    
after_2010$last.week87       0.263969   1.355739   0.195  0.84563    
after_2010$last.week88      -0.210879   1.340681  -0.157  0.87502    
after_2010$last.week89      -3.231195   1.388449  -2.327  0.01996 *  
after_2010$last.week9       -0.856742   1.200356  -0.714  0.47539    
after_2010$last.week90       0.604314   1.376090   0.439  0.66055    
after_2010$last.week91      -3.881430   1.384563  -2.803  0.00506 ** 
after_2010$last.week92      -0.003928   1.400749  -0.003  0.99776    
after_2010$last.week93      -0.101382   1.405630  -0.072  0.94250    
after_2010$last.week94       0.415473   1.429943   0.291  0.77140    
after_2010$last.week95      -0.149240   1.443423  -0.103  0.91765    
after_2010$last.week96      -4.425815   1.463341  -3.024  0.00249 ** 
after_2010$last.week97      -4.017474   1.474880  -2.724  0.00646 ** 
after_2010$last.week98      -2.402208   1.514297  -1.586  0.11267    
after_2010$last.week99      -2.793450   1.566691  -1.783  0.07459 .  
after_2010$peak              0.813077   0.007585 107.197  < 2e-16 ***
after_2010$weeks.on.chart    0.271192   0.012188  22.251  < 2e-16 ***
after_2010$entry.position   -0.019872   0.003880  -5.121 3.06e-07 ***
after_2010$artist.relevancy  0.052795   0.004673  11.297  < 2e-16 ***
---
Signif. codes:  0 ‘***’ 0.001 ‘**’ 0.01 ‘*’ 0.05 ‘.’ 0.1 ‘ ’ 1

Residual standard error: 13.94 on 26995 degrees of freedom
Multiple R-squared:  0.7252,	Adjusted R-squared:  0.7242 
F-statistic: 685.1 on 104 and 26995 DF,  p-value: < 2.2e-16

                                GVIF  Df GVIF^(1/(2*Df))
after_2010$last.week        5.403777 100        1.008471
after_2010$peak             7.281167   1        2.698364
after_2010$weeks.on.chart   1.965529   1        1.401973
after_2010$entry.position   1.698464   1        1.303251
after_2010$artist.relevancy 1.061266   1        1.030178
[1]      1.0 177709.1
[1]    101.0 155733.3
[1]    102.0 143485.4
[1]    103.0 143062.6
[1]    104.0 143034.4
[1]    105.0 142908.6
numeric(0)
numeric(0)
numeric(0)
numeric(0)
numeric(0)
numeric(0)
